4294967278,40
4294967278,39
4294967278,38
4294967278,37
4294967278,36
4294967278,35
4294967278,34
4294967278,33
4294967278,32
4294967278,31
4294967278,30
4294967278,29
4294967278,28
4294967278,27
4294967278,26
4294967278,25
4294967278,24
4294967278,23
4294967294,942
4294967294,941
4294967294,939
4294967294,938
4294967294,933
4294967294,922
4294967294,436
4294967294,158
4294967294,157
4294967294,156
4294967294,155
4294967294,60
4294967294,966
4294967294,964
4294967294,962
4294967294,961
4294967294,960
4294967294,918
4294967294,917
4294967294,916
4294967294,915
4294967294,914
4294967294,909
4294967294,902
4294967294,901
106,4
119,4
114,4
4294967278,62
4294967278,61
4294967278,60
4294967278,59
4294967278,58
4294967278,57
4294967278,56
4294967278,55
4294967278,54
4294967278,53
4294967278,52
4294967278,51
4294967278,50
4294967278,49
4294967278,48
4294967278,47
4294967278,46
4294967278,45
4294967278,44
4294967278,43
4294967278,42
4294967278,41
4294967278,260
4294967279,352
4294967279,86
4294967279,85
4294967279,84
4294967279,82
4294967279,81
4294967279,80
4294967279,76
4294967279,75
4294967279,74
4294967279,72
4294967279,71
4294967279,69
4294967279,68
4294967279,67
4294967279,66
4294967279,65
4294967279,64
4294967279,62
4294967279,59
4294967279,54
4294967279,52
4294967279,51
4294967279,49
4294967279,48
4294967279,47
4294967279,44
4294967279,43
4294967279,42
4294967279,41
4294967279,38
4294967279,33
4294967279,29
4294967279,28
4294967279,26
4294967279,23
4294967279,21
4294967279,19
4294967279,18
4294967279,15
4294967279,14
4294967279,260
4294967279,12
4294967279,174
4294967279,9
4294967294,30
4294967294,164
4294967294,115
4294967294,387
4294967294,165
4294967294,113
4294967294,177
4294967294,469
4294967294,10
4294967294,963
4294967294,912
4294967294,911
4294967294,910
4294967294,907
4294967294,905
4294967294,900
4294967294,899
4294967294,898
4294967294,401
4294967294,190
4294967294,173
4294967294,163
4294967294,161
4294967294,176
4294967294,120
4294967294,18
4294967294,127
4294967294,14
4294967294,126
4294967294,20
4294967294,13
4294967294,166
4294967294,24
4294967294,12
4294967294,104
4294967294,106
4294967294,160
4294967294,168
4294967294,162
4294967279,151
4294967279,150
172,4
172,3
172,2
172,1
4294967278,423
4294967279,149
4294967279,148
4294967279,287
4294967279,35
4294967279,328
4294967279,34
4294967279,522
4294967279,144
4294967294,396
4294967294,409
4294967294,395
4294967294,420
4294967294,178
4294967294,385
4294967294,444
4294967294,167
4294967294,183
4294967294,415
4294967294,398
4294967294,119
4294967294,468
4294967294,175
4294967294,455
4294967279,32
4294967279,143
4294967279,142
4294967279,141
4294967279,140
171,6
171,5
4294967279,139
171,4
171,3
171,2
171,1
4294967279,138
4294967278,279
4294967279,25
4294967279,334
4294967279,135
4294967279,24
4294967279,134
4294967279,22
4294967279,133
4294967279,356
4294967279,271
4294967279,282
4294967279,279
4294967279,280
4294967279,13
4294967279,265
4294967279,264
4294967279,263
4294967279,11
4294967279,360
4294967279,275
4294967279,259
4294967279,258
4294967278,374
4294967279,257
4294967279,256
4294967279,254
4294967278,320
168,7
4294967279,253
168,6
4294967278,258
168,5
168,4
4294967278,257
168,3
168,2
168,1
4294967278,361
4294967278,401
4294967278,388
4294967279,562
4294967278,318
4294967278,359
4294967294,392
4294967294,389
4294967294,424
4294967278,358
4294967278,317
4294967278,254
4294967278,316
4294967278,253
4294967278,250
4294967278,248
4294967278,370
4294967279,232
4294967278,242
4294967278,422
4294967278,240
4294967278,238
4294967278,239
4294967278,237
4294967278,234
4294967278,232
4294967278,230
4294967278,226
4294967278,224
4294967278,223
4294967278,222
4294967278,221
4294967294,920
4294967278,217
4294967278,315
4294967278,214
4294967278,412
4294967278,213
4294967294,1422
4294967294,388
4294967278,212
4294967278,367
4294967278,211
4294967278,209
4294967278,206
164,6
4294967278,208
164,5
164,4
4294967278,207
164,3
164,2
164,1
4294967278,312
4294967294,946
4294967294,903
4294967294,437
4294967278,421
4294967294,5
4294967278,369
4294967278,348
4294967278,0
4294967278,354
4294967278,400
4294967278,202
4294967294,38
4294967294,36
4294967294,39
4294967294,1421
4294967294,948
4294967294,474
4294967294,1413
4294967294,967
4294967294,170
4294967294,182
4294967294,185
4294967294,965
4294967294,421
4294967278,201
4294967278,399
4294967278,200
4294967278,199
4294967279,199
4294967278,196
4294967278,198
4294967279,198
4294967278,197
4294967278,366
4294967294,99
4294967294,41
4294967294,107
4294967278,195
4294967279,195
4294967278,194
4294967279,194
4294967278,193
4294967294,427
4294967294,44
4294967294,43
4294967294,53
4294967294,52
4294967294,921
4294967294,1420
4294967294,919
4294967294,949
4294967294,90
4294967294,87
4294967294,86
